256,53155,100000000,1100111110100011
257,53121,100000001,1100111110000001
258,53103,100000010,1100111101101111
259,53069,100000011,1100111101001101
260,53035,100000100,1100111100101011
261,53001,100000101,1100111100001001
262,52983,100000110,1100111011110111
263,52949,100000111,1100111011010101
264,52915,100001000,1100111010110011
265,52881,100001001,1100111010010001
266,52863,100001010,1100111001111111
267,52829,100001011,1100111001011101
268,52795,100001100,1100111000111011
269,52761,100001101,1100111000011001
270,51655,100001110,1100100111000111
271,51621,100001111,1100100110100101
272,51587,100010000,1100100110000011
273,51553,100010001,1100100101100001
274,51535,100010010,1100100101001111
275,51501,100010011,1100100100101101
276,51467,100010100,1100100100001011
277,51433,100010101,1100100011101001
278,51415,100010110,1100100011010111
279,51381,100010111,1100100010110101
280,51347,100011000,1100100010010011
281,51313,100011001,1100100001110001
282,51295,100011010,1100100001011111
283,51261,100011011,1100100000111101
284,51227,100011100,1100100000011011
285,52217,100011101,1100101111111001
286,52135,100011110,1100101110100111
287,52101,100011111,1100101110000101
288,52067,100100000,1100101101100011
289,52033,100100001,1100101101000001
290,52015,100100010,1100101100101111
291,51981,100100011,1100101100001101
292,51947,100100100,1100101011101011
293,51913,100100101,1100101011001001
294,51895,100100110,1100101010110111
295,51861,100100111,1100101010010101
296,51827,100101000,1100101001110011
297,51793,100101001,1100101001010001
298,51775,100101010,1100101000111111
299,51741,100101011,1100101000011101
300,54779,100101100,1101010111111011
301,54745,100101101,1101010111011001
302,54663,100101110,1101010110000111
303,54629,100101111,1101010101100101
304,54595,100110000,1101010101000011
305,54561,100110001,1101010100100001
306,54543,100110010,1101010100001111
307,54509,100110011,1101010011101101
308,54475,100110100,1101010011001011
309,54441,100110101,1101010010101001
310,54423,100110110,1101010010010111
311,54389,100110111,1101010001110101
312,54355,100111000,1101010001010011
313,54321,100111001,1101010000110001
314,54303,100111010,1101010000011111
315,55293,100111011,1101011111111101
316,55259,100111100,1101011111011011
317,55225,100111101,1101011110111001
318,55143,100111110,1101011101100111
319,55109,100111111,1101011101000101
320,55075,101000000,1101011100100011
321,55041,101000001,1101011100000001
322,55023,101000010,1101011011101111
323,54989,101000011,1101011011001101
324,54955,101000100,1101011010101011
325,54921,101000101,1101011010001001
326,54903,101000110,1101011001110111
327,54869,101000111,1101011001010101
328,54835,101001000,1101011000110011
329,54801,101001001,1101011000010001
330,53759,101001010,1101000111111111
331,53725,101001011,1101000111011101
332,53691,101001100,1101000110111011
333,53657,101001101,1101000110011001
334,53575,101001110,1101000101000111
335,53541,101001111,1101000100100101
336,53507,101010000,1101000100000011
337,53473,101010001,1101000011100001
338,53455,101010010,1101000011001111
339,53421,101010011,1101000010101101
340,53387,101010100,1101000010001011
341,53353,101010101,1101000001101001
342,53335,101010110,1101000001010111
343,53301,101010111,1101000000110101
344,53267,101011000,1101000000010011
345,54257,101011001,1101001111110001
346,54239,101011010,1101001111011111
347,54205,101011011,1101001110111101
348,54171,101011100,1101001110011011
349,54137,101011101,1101001101111001
350,54055,101011110,1101001100100111
351,54021,101011111,1101001100000101
352,53987,101100000,1101001011100011
353,53953,101100001,1101001011000001
354,53935,101100010,1101001010101111
355,53901,101100011,1101001010001101
356,53867,101100100,1101001001101011
357,53833,101100101,1101001001001001
358,53815,101100110,1101001000110111
359,53781,101100111,1101001000010101
360,56819,101101000,1101110111110011
361,56785,101101001,1101110111010001
362,56767,101101010,1101110110111111
363,56733,101101011,1101110110011101
364,56699,101101100,1101110101111011
365,56665,101101101,1101110101011001
366,56583,101101110,1101110100000111
367,56549,101101111,1101110011100101
368,56515,101110000,1101110011000011
369,56481,101110001,1101110010100001
370,56463,101110010,1101110010001111
371,56429,101110011,1101110001101101
372,56395,101110100,1101110001001011
373,56361,101110101,1101110000101001
374,56343,101110110,1101110000010111
375,57333,101110111,1101111111110101
376,57299,101111000,1101111111010011
377,57265,101111001,1101111110110001
378,57247,101111010,1101111110011111
379,57213,101111011,1101111101111101
380,57179,101111100,1101111101011011
381,57145,101111101,1101111100111001
382,57063,101111110,1101111011100111
383,57029,101111111,1101111011000101
384,56995,110000000,1101111010100011
385,56961,110000001,1101111010000001
386,56943,110000010,1101111001101111
387,56909,110000011,1101111001001101
388,56875,110000100,1101111000101011
389,56841,110000101,1101111000001001
390,55799,110000110,1101100111110111
391,55765,110000111,1101100111010101
392,55731,110001000,1101100110110011
393,55697,110001001,1101100110010001
394,55679,110001010,1101100101111111
395,55645,110001011,1101100101011101
396,55611,110001100,1101100100111011
397,55577,110001101,1101100100011001
398,55495,110001110,1101100011000111
399,55461,110001111,1101100010100101
400,55427,110010000,1101100010000011
401,55393,110010001,1101100001100001
402,55375,110010010,1101100001001111
403,55341,110010011,1101100000101101
404,55307,110010100,1101100000001011
405,56297,110010101,1101101111101001
406,56279,110010110,1101101111010111
407,56245,110010111,1101101110110101
408,56211,110011000,1101101110010011
409,56177,110011001,1101101101110001
410,56159,110011010,1101101101011111
411,56125,110011011,1101101100111101
412,56091,110011100,1101101100011011
413,56057,110011101,1101101011111001
414,55975,110011110,1101101010100111
415,55941,110011111,1101101010000101
416,55907,110100000,1101101001100011
417,55873,110100001,1101101001000001
418,55855,110100010,1101101000101111
419,55821,110100011,1101101000001101
420,9707,110100100,10010111101011
421,9673,110100101,10010111001001
422,9655,110100110,10010110110111
423,9621,110100111,10010110010101
424,9587,110101000,10010101110011
425,9553,110101001,10010101010001
426,9535,110101010,10010100111111
427,9501,110101011,10010100011101
428,9467,110101100,10010011111011
429,9433,110101101,10010011011001
430,9351,110101110,10010010000111
431,9317,110101111,10010001100101
432,9283,110110000,10010001000011
433,9249,110110001,10010000100001
434,9231,110110010,10010000001111
435,10221,110110011,10011111101101
436,10187,110110100,10011111001011
437,10153,110110101,10011110101001
438,10135,110110110,10011110010111
439,10101,110110111,10011101110101
440,10067,110111000,10011101010011
441,10033,110111001,10011100110001
442,10015,110111010,10011100011111
443,9981,110111011,10011011111101
444,9947,110111100,10011011011011
445,9913,110111101,10011010111001
446,9831,110111110,10011001100111
447,9797,110111111,10011001000101
448,9763,111000000,10011000100011
449,9729,111000001,10011000000001
450,8687,111000010,10000111101111
451,8653,111000011,10000111001101
452,8619,111000100,10000110101011
453,8585,111000101,10000110001001
454,8567,111000110,10000101110111
455,8533,111000111,10000101010101
456,8499,111001000,10000100110011
457,8465,111001001,10000100010001
458,8447,111001010,10000011111111
459,8413,111001011,10000011011101
460,8379,111001100,10000010111011
461,8345,111001101,10000010011001
462,8263,111001110,10000001000111
463,8229,111001111,10000000100101
464,8195,111010000,10000000000011
465,9185,111010001,10001111100001
466,9167,111010010,10001111001111
467,9133,111010011,10001110101101
468,9099,111010100,10001110001011
469,9065,111010101,10001101101001
470,9047,111010110,10001101010111
471,9013,111010111,10001100110101
472,8979,111011000,10001100010011
473,8945,111011001,10001011110001
474,8927,111011010,10001011011111
475,8893,111011011,10001010111101
476,8859,111011100,10001010011011
477,8825,111011101,10001001111001
478,8743,111011110,10001000100111
479,8709,111011111,10001000000101
480,11747,111100000,10110111100011
481,11713,111100001,10110111000001
482,11695,111100010,10110110101111
483,11661,111100011,10110110001101
484,11627,111100100,10110101101011
485,11593,111100101,10110101001001
486,11575,111100110,10110100110111
487,11541,111100111,10110100010101
488,11507,111101000,10110011110011
489,11473,111101001,10110011010001
490,11455,111101010,10110010111111
491,11421,111101011,10110010011101
492,11387,111101100,10110001111011
493,11353,111101101,10110001011001
494,11271,111101110,10110000000111
495,12261,111101111,10111111100101
496,12227,111110000,10111111000011
497,12193,111110001,10111110100001
498,12175,111110010,10111110001111
499,12141,111110011,10111101101101
500,12107,111110100,10111101001011
501,12073,111110101,10111100101001
502,12055,111110110,10111100010111
503,12021,111110111,10111011110101
504,11987,111111000,10111011010011
505,11953,111111001,10111010110001
506,11935,111111010,10111010011111
507,11901,111111011,10111001111101
508,11867,111111100,10111001011011
509,11833,111111101,10111000111001
510,10727,111111110,10100111100111
511,10693,111111111,10100111000101
