65536,199169795,10000000000000000,1011110111110001011100000011
65537,199168686,10000000000000001,1011110111110001001010101110
65538,199171661,10000000000000010,1011110111110001111001001101
65539,199189992,10000000000000011,1011110111110110010111101000
65540,199188887,10000000000000100,1011110111110110000110010111
65541,199191858,10000000000000101,1011110111110110110100110010
65542,199190737,10000000000000110,1011110111110110100011010001
65543,199193724,10000000000000111,1011110111110111010001111100
65544,199192603,10000000000001000,1011110111110111000000011011
65545,199196550,10000000000001001,1011110111110111111110000110
65546,199195429,10000000000001010,1011110111110111101100100101
65547,199182016,10000000000001011,1011110111110100011011000000
65548,199180911,10000000000001100,1011110111110100001001101111
65549,199183882,10000000000001101,
65550,199185833,10000000000001110,1011110111110101010110101001
65551,199184724,10000000000001111,1011110111110101000101010100
65552,199187699,10000000000010000,1011110111110101110011110011
65553,199186590,10000000000010001,1011110111110101100010011110
65554,199140413,10000000000010010,1011110111101010010000111101
65555,199140312,10000000000010011,1011110111101010001111011000
65556,199143239,10000000000010100,1011110111101010111101000111
65557,199142114,10000000000010101,1011110111101010101011100010
65558,199145089,10000000000010110,1011110111101011011010000001
65559,199143980,10000000000010111,1011110111101011001000101100
65560,199145931,10000000000011000,1011110111101011100111001011
65561,199132534,10000000000011001,
65562,199131413,10000000000011010,1011110111101000000100010101
65563,199134384,10000000000011011,1011110111101000110010110000
65564,199133279,10000000000011100,1011110111101000100001011111
65565,199137274,10000000000011101,1011110111101001011111111010
65566,199136153,10000000000011110,1011110111101001001110011001
65567,199139076,10000000000011111,1011110111101001111100000100
65568,199137955,10000000000100000,1011110111101001101010100011
65569,199157326,10000000000100001,1011110111101110011001001110
65570,199159277,10000000000100010,1011110111101110110111101101
65571,199158152,10000000000100011,1011110111101110100110001000
65572,199161143,10000000000100100,1011110111101111010100110111
65573,199160018,10000000000100101,1011110111101111000011010010
65574,199162993,10000000000100110,1011110111101111110001110001
65575,199161884,10000000000100111,1011110111101111100000011100
65576,199149499,10000000000101000,1011110111101100011110111011
65577,199148326,10000000000101001,
65578,199151301,10000000000101010,1011110111101100111011000101
65579,199150176,10000000000101011,1011110111101100101001100000
65580,199153167,10000000000101100,1011110111101101011000001111
65581,199155114,10000000000101101,1011110111101101110110101010
65582,199153993,10000000000101110,1011110111101101100101001001
65583,199107828,10000000000101111,1011110111100010010011110100
65584,199106707,10000000000110000,1011110111100010000010010011
65585,199109694,10000000000110001,1011110111100010110000111110
65586,199109597,10000000000110010,1011110111100010101111011101
65587,199112568,10000000000110011,1011110111100011011101111000
65588,199111399,10000000000110100,1011110111100011001011100111
65589,199114370,10000000000110101,
65590,199113249,10000000000110110,1011110111100011101000100001
65591,199098828,10000000000110111,1011110111100000000111001100
65592,199101803,10000000000111000,1011110111100000110101101011
65593,199100694,10000000000111001,1011110111100000100100010110
65594,199103669,10000000000111010,1011110111100001010010110101
65595,199102544,10000000000111011,1011110111100001000001010000
65596,199106559,10000000000111100,1011110111100001111111111111
65597,199105434,10000000000111101,1011110111100001101110011010
65598,199124793,10000000000111110,1011110111100110011100111001
65599,199123620,10000000000111111,1011110111100110001010100100
65600,199126595,10000000001000000,1011110111100110111001000011
65601,199128558,10000000001000001,1011110111100111010111101110
65602,199127437,10000000001000010,1011110111100111000110001101
65603,199130408,10000000001000011,1011110111100111110100101000
65604,199129303,10000000001000100,1011110111100111100011010111
65605,199115890,10000000001000101,1011110111100100010001110010
65606,199114769,10000000001000110,1011110111100100000000010001
65607,199118780,10000000001000111,1011110111100100111110111100
65608,199117659,10000000001001000,1011110111100100101101011011
65609,199120582,10000000001001001,1011110111100101011011000110
65610,199119461,10000000001001010,1011110111100101001001100101
65611,199122432,10000000001001011,1011110111100101111000000000
65612,198288815,10000000001001100,1011110100011010010110101111
65613,198287690,10000000001001101,1011110100011010000101001010
65614,198290665,10000000001001110,1011110100011010110011101001
65615,198289556,10000000001001111,1011110100011010100010010100
65616,198292531,10000000001010000,1011110100011011010000110011
65617,198292446,10000000001010001,1011110100011011001111011110
65618,198295421,10000000001010010,1011110100011011111101111101
65619,198294296,10000000001010011,1011110100011011101100011000
65620,198280839,10000000001010100,
65621,198279714,10000000001010101,1011110100011000001000100010
65622,198281665,10000000001010110,1011110100011000100111000001
65623,198284652,10000000001010111,1011110100011001010101101100
65624,198283531,10000000001011000,1011110100011001000100001011
65625,198286518,10000000001011001,1011110100011001110010110110
65626,198285397,10000000001011010,1011110100011001100001010101
65627,198305776,10000000001011011,1011110100011110011111110000
65628,198304671,10000000001011100,1011110100011110001110011111
65629,198307642,10000000001011101,1011110100011110111100111010
65630,198306521,10000000001011110,1011110100011110101011011001
65631,198309444,10000000001011111,1011110100011111011001000100
65632,198311395,10000000001100000,1011110100011111110111100011
65633,198310286,10000000001100001,1011110100011111100110001110
65634,198296877,10000000001100010,1011110100011100010100101101
65635,198295752,10000000001100011,1011110100011100000011001000
65636,198298743,10000000001100100,1011110100011100110001110111
65637,198297618,10000000001100101,1011110100011100100000010010
65638,198301617,10000000001100110,1011110100011101011110110001
65639,198300508,10000000001100111,1011110100011101001101011100
65640,198303483,10000000001101000,1011110100011101111011111011
65641,198302310,10000000001101001,1011110100011101101001100110
65642,198256133,10000000001101010,1011110100010010011000000101
65643,198258080,10000000001101011,1011110100010010110110100000
65644,198256975,10000000001101100,1011110100010010100101001111
65645,198259946,10000000001101101,1011110100010011010011101010
65646,198258825,10000000001101110,1011110100010011000010001001
65647,198261812,10000000001101111,1011110100010011110000110100
65648,198261715,10000000001110000,1011110100010011101111010011
65649,198248318,10000000001110001,1011110100010000011101111110
65650,198247197,10000000001110010,1011110100010000001100011101
65651,198250168,10000000001110011,1011110100010000111010111000
65652,198248999,10000000001110100,1011110100010000101000100111
65653,198250946,10000000001110101,1011110100010001000111000010
65654,198253921,10000000001110110,1011110100010001110101100001
65655,198252812,10000000001110111,1011110100010001100100001100
65656,198272171,10000000001111000,1011110100010110010010101011
65657,198271062,10000000001111001,1011110100010110000001010110
65658,198275061,10000000001111010,1011110100010110111111110101
65659,198273936,10000000001111011,1011110100010110101110010000
65660,198276927,10000000001111100,1011110100010111011100111111
65661,198275802,10000000001111101,1011110100010111001011011010
65662,198278777,10000000001111110,1011110100010111111001111001
65663,198264292,10000000001111111,1011110100010100010111100100
65664,198263171,10000000010000000,1011110100010100000110000011
65665,198266158,10000000010000001,1011110100010100110100101110
65666,198265037,10000000010000010,1011110100010100100011001101
65667,198268008,10000000010000011,1011110100010101010001101000
65668,198266903,10000000010000100,1011110100010101000000010111
65669,198270898,10000000010000101,1011110100010101111110110010
65670,198269777,10000000010000110,1011110100010101101101010001
65671,198223612,10000000010000111,1011110100001010011011111100
65672,198222491,10000000010001000,1011110100001010001010011011
65673,198225414,10000000010001001,1011110100001010111000000110
65674,198227365,10000000010001010,1011110100001011010110100101
65675,198226240,10000000010001011,1011110100001011000101000000
65676,198229231,10000000010001100,1011110100001011110011101111
65677,198228106,10000000010001101,1011110100001011100010001010
65678,198214697,10000000010001110,1011110100001000010000101001
65679,198214612,10000000010001111,1011110100001000001111010100
65680,198217587,10000000010010000,1011110100001000111101110011
65681,198216478,10000000010010001,1011110100001000101100011110
65682,198219453,10000000010010010,1011110100001001011010111101
65683,198218328,10000000010010011,1011110100001001001001011000
65684,198220231,10000000010010100,1011110100001001100111000111
65685,198239586,10000000010010101,1011110100001110010101100010
65686,198238465,10000000010010110,1011110100001110000100000001
65687,198241452,10000000010010111,1011110100001110110010101100
65688,198240331,10000000010011000,1011110100001110100001001011
65689,198244342,10000000010011001,1011110100001111011111110110
65690,198243221,10000000010011010,1011110100001111001110010101
65691,198246192,10000000010011011,1011110100001111111100110000
65692,198245087,10000000010011100,1011110100001111101011011111
65693,198231674,10000000010011101,1011110100001100011001111010
65694,198230553,10000000010011110,1011110100001100001000011001
65695,198232452,10000000010011111,1011110100001100100110000100
65696,198235427,10000000010100000,1011110100001101010100100011
65697,198234318,10000000010100001,1011110100001101000011001110
65698,198237293,10000000010100010,1011110100001101110001101101
65699,198236168,10000000010100011,1011110100001101100000001000
65700,198191031,10000000010100100,1011110100000010011110110111
65701,198189906,10000000010100101,1011110100000010001101010010
65702,198192881,10000000010100110,1011110100000010111011110001
65703,198191772,10000000010100111,1011110100000010101010011100
65704,198194747,10000000010101000,1011110100000011011000111011
65705,198196646,10000000010101001,1011110100000011110110100110
65706,198195525,10000000010101010,1011110100000011100101000101
65707,198182112,10000000010101011,1011110100000000010011100000
65708,198181007,10000000010101100,1011110100000000000010001111
65709,198183978,10000000010101101,1011110100000000110000101010
65710,198183881,10000000010101110,1011110100000000101111001001
65711,198186868,10000000010101111,1011110100000001011101110100
65712,198185747,10000000010110000,1011110100000001001100010011
65713,198188734,10000000010110001,1011110100000001111010111110
65714,198187613,10000000010110010,1011110100000001101001011101
65715,198205944,10000000010110011,1011110100000110000111111000
65716,198208871,10000000010110100,1011110100000110110101100111
65717,198207746,10000000010110101,1011110100000110100100000010
65718,198210721,10000000010110110,1011110100000111010010100001
65719,198209612,10000000010110111,1011110100000111000001001100
65720,198213611,10000000010111000,1011110100000111111111101011
65721,198212502,10000000010111001,1011110100000111101110010110
65722,198199093,10000000010111010,1011110100000100011100110101
65723,198197968,10000000010111011,1011110100000100001011010000
65724,198200959,10000000010111100,1011110100000100111001111111
65725,198199834,10000000010111101,1011110100000100101000011010
65726,198201785,10000000010111110,1011110100000101000110111001
65727,198204708,10000000010111111,1011110100000101110100100100
65728,198203587,10000000011000000,1011110100000101100011000011
65729,198419566,10000000011000001,1011110100111010010001101110
65730,198418445,10000000011000010,1011110100111010000000001101
65731,198422440,10000000011000011,1011110100111010111110101000
65732,198421335,10000000011000100,1011110100111010101101010111
65733,198424306,10000000011000101,1011110100111011011011110010
65734,198423185,10000000011000110,1011110100111011001010010001
65735,198426172,10000000011000111,1011110100111011111000111100
65736,198411739,10000000011001000,1011110100111000010111011011
65737,198410566,10000000011001001,1011110100111000000101000110
65738,198413541,10000000011001010,1011110100111000110011100101
65739,198412416,10000000011001011,1011110100111000100010000000
65740,198415407,10000000011001100,1011110100111001010000101111
65741,198415306,10000000011001101,1011110100111001001111001010
65742,198418281,10000000011001110,1011110100111001111101101001
65743,198417172,10000000011001111,1011110100111001101100010100
65744,198436531,10000000011010000,1011110100111110011010110011
65745,198435422,10000000011010001,1011110100111110001001011110
65746,198437373,10000000011010010,1011110100111110100111111101
65747,198440344,10000000011010011,1011110100111111010110011000
65748,198439175,10000000011010100,1011110100111111000100000111
65749,198442146,10000000011010101,1011110100111111110010100010
65750,198441025,10000000011010110,1011110100111111100001000001
65751,198428652,10000000011010111,
65752,198427531,10000000011011000,1011110100111100001110001011
65753,198430518,10000000011011001,1011110100111100111100110110
65754,198429397,10000000011011010,1011110100111100101011010101
65755,198432368,10000000011011011,1011110100111101011001110000
65756,198431263,10000000011011100,1011110100111101001000011111
65757,198433210,10000000011011101,1011110100111101100110111010
65758,198387033,10000000011011110,1011110100110010010101011001
65759,198385860,10000000011011111,1011110100110010000011000100
65760,198388835,10000000011100000,1011110100110010110001100011
65761,198387726,10000000011100001,1011110100110010100000001110
65762,198391725,10000000011100010,1011110100110011011110101101
65763,198390600,10000000011100011,1011110100110011001101001000
65764,198393591,10000000011100100,
65765,198392466,10000000011100101,1011110100110011101010010010
65766,198379057,10000000011100110,1011110100110000011000110001
65767,198381020,10000000011100111,1011110100110000110111011100
65768,198379899,10000000011101000,1011110100110000100101111011
65769,198382822,10000000011101001,
65770,198381701,10000000011101010,1011110100110001000010000101
65771,198384672,10000000011101011,1011110100110001110000100000
65772,198384591,10000000011101100,1011110100110001101111001111
65773,198403946,10000000011101101,1011110100110110011101101010
65774,198402825,10000000011101110,1011110100110110001100001001
65775,198405812,10000000011101111,1011110100110110111010110100
65776,198404691,10000000011110000,1011110100110110101001010011
65777,198406654,10000000011110001,1011110100110111000111111110
65778,198409629,10000000011110010,
65779,198408504,10000000011110011,1011110100110111100100111000
65780,198395047,10000000011110100,1011110100110100010010100111
65781,198393922,10000000011110101,1011110100110100000001000010
65782,198397921,10000000011110110,1011110100110100111111100001
65783,198396812,10000000011110111,1011110100110100101110001100
65784,198399787,10000000011111000,1011110100110101011100101011
65785,198398678,10000000011111001,1011110100110101001011010110
65786,198401653,10000000011111010,1011110100110101111001110101
65787,198400528,10000000011111011,1011110100110101101000010000
65788,198353343,10000000011111100,1011110100101010000110111111
65789,198356314,10000000011111101,1011110100101010110101011010
65790,198355193,10000000011111110,1011110100101010100011111001
65791,198358116,10000000011111111,1011110100101011010001100100
