16777216,2080680547,1000000000000000000000000,1111100000001001010101001100011
16777217,2080638383,1000000000000000000000001,1111100000001000000010110101111
16777218,2080871659,1000000000000000000000010,1111100000001111001010011101011
16777219,2080859191,1000000000000000000000011,1111100000001110110010000110111
16777220,2080831347,1000000000000000000000100,1111100000001101111011101110011
16777221,2080786111,1000000000000000000000101,1111100000001100100011010111111
16777222,2084164091,1000000000000000000000110,1111100001110011101000111111011
16777223,2084086023,1000000000000000000000111,1111100001110001010000100000111
16777224,2084057155,1000000000000000000001000,1111100001110000011000001000011
16777225,2084275087,1000000000000000000001001,1111100001110111000001110001111
16777226,2084246219,1000000000000000000001010,1111100001110110001001011001011
16777227,2084233751,1000000000000000000001011,1111100001110101110001000010111
16777228,2084207955,1000000000000000000001100,1111100001110100111110101010011
16777229,2084424863,1000000000000000000001101,1111100001111011100110010011111
16777230,2084397019,1000000000000000000001110,1111100001111010101111111011011
16777231,2084318951,1000000000000000000001111,1111100001111000010111011100111
16777232,2084552227,1000000000000000000010000,1111100001111111011111000100011
16777233,2084505967,1000000000000000000010001,1111100001111110000100101101111
16777234,2084477099,1000000000000000000010010,1111100001111101001100010101011
16777235,2084465655,1000000000000000000010011,1111100001111100110101111110111
16777236,2083650355,1000000000000000000010100,1111100001100011111101100110011
16777237,2083605119,1000000000000000000010101,1111100001100010100101001111111
16777238,2083530171,1000000000000000000010110,1111100001100000010010110111011
16777239,2083763399,1000000000000000000010111,1111100001100111011010011000111
16777240,2083718147,1000000000000000000011000,1111100001100110000010000000011
16777241,2083690319,1000000000000000000011001,1111100001100101001011101001111
16777242,2083677835,1000000000000000000011010,1111100001100100110011010001011
16777243,2083910103,1000000000000000000011011,1111100001101011111000111010111
16777244,2083864851,1000000000000000000011100,1111100001101010100000100010011
16777245,2083835999,1000000000000000000011101,1111100001101001101000001011111
16777246,2084021147,1000000000000000000011110,1111100001101111010001110011011
16777247,2083992231,1000000000000000000011111,1111100001101110011001010100111
16777248,2083950051,1000000000000000000100000,1111100001101101000110111100011
16777249,2083921199,1000000000000000000100001,1111100001101100001110100101111
16777250,2083122283,1000000000000000000100010,1111100001010011110110001101011
16777251,2083094455,1000000000000000000100011,1111100001010010111111110110111
16777252,2083049203,1000000000000000000100100,1111100001010001100111011110011
16777253,2083020351,1000000000000000000100101,1111100001010000101111000111111
16777254,2083203451,1000000000000000000100110,1111100001010110010100101111011
16777255,2083174535,1000000000000000000100111,1111100001010101011100010000111
16777256,2083130307,1000000000000000000101000,1111100001010100000101111000011
16777257,2083363599,1000000000000000000101001,1111100001011011001101100001111
16777258,2083351115,1000000000000000000101010,1111100001011010110101001001011
16777259,2083308951,1000000000000000000101011,1111100001011001100010110010111
16777260,2083280083,1000000000000000000101100,1111100001011000101010011010011
16777261,2083464223,1000000000000000000101101,1111100001011110010010000011111
16777262,2083436379,1000000000000000000101110,1111100001011101011011101011011
16777263,2083391079,1000000000000000000101111,1111100001011100000011001100111
16777264,2082574755,1000000000000000000110000,1111100001000011001000110100011
16777265,2082562287,1000000000000000000110001,1111100001000010110000011101111
16777266,2082533419,1000000000000000000110010,1111100001000001111000000101011
16777267,2082489207,1000000000000000000110011,1111100001000000100001101110111
16777268,2082722483,1000000000000000000110100,1111100001000111101001010110011
16777269,2082647551,1000000000000000000110101,1111100001000101010110111111111
16777270,2082618683,1000000000000000000110110,1111100001000100011110100111011
16777271,2082835527,1000000000000000000110111,1111100001001011000110001000111
16777272,2082807683,1000000000000000000111000,1111100001001010001111110000011
16777273,2082795215,1000000000000000000111001,1111100001001001110111011001111
16777274,2082766347,1000000000000000000111010,1111100001001000111111000001011
16777275,2082982231,1000000000000000000111011,1111100001001111100100101010111
16777276,2082953363,1000000000000000000111100,1111100001001110101100010010011
16777277,2082876383,1000000000000000000111101,1111100001001100010101111011111
16777278,2094643995,1000000000000000000111110,1111100110110011011101100011011
16777279,2094598695,1000000000000000000111111,1111100110110010000101000100111
16777280,2094589283,1000000000000000001000000,1111100110110001110010101100011
16777281,2094560431,1000000000000000001000001,1111100110110000111010010101111
16777282,2094778347,1000000000000000001000010,1111100110110111100011111101011
16777283,2094749495,1000000000000000001000011,1111100110110110101011100110111
16777284,2094671475,1000000000000000001000100,1111100110110100010011001110011
16777285,2094903743,1000000000000000001000101,1111100110111011011000110111111
16777286,2094858491,1000000000000000001000110,1111100110111010000000011111011
16777287,2094829575,1000000000000000001000111,1111100110111001001000000000111
16777288,2094818115,1000000000000000001001000,1111100110111000110001101000011
16777289,2095051407,1000000000000000001001001,1111100110111111111001010001111
16777290,2095009227,1000000000000000001001010,1111100110111110100110111001011
16777291,2094980375,1000000000000000001001011,1111100110111101101110100010111
16777292,2094115923,1000000000000000001001100,1111100110100011010110001010011
16777293,2094088095,1000000000000000001001101,1111100110100010011111110011111
16777294,2094042843,1000000000000000001001110,1111100110100001000111011011011
16777295,2094012903,1000000000000000001001111,1111100110100000001100111100111
16777296,2094262563,1000000000000000001010000,1111100110100111110100100100011
16777297,2094233711,1000000000000000001010001,1111100110100110111100001101111
16777298,2094189483,1000000000000000001010010,1111100110100101100101110101011
16777299,2094160631,1000000000000000001010011,1111100110100100101101011110111
16777300,2094344755,1000000000000000001010100,1111100110101010010101000110011
16777301,2094302591,1000000000000000001010101,1111100110101001000010101111111
16777302,2094273723,1000000000000000001010110,1111100110101000001010010111011
16777303,2094524359,1000000000000000001010111,1111100110101111110011111000111
16777304,2094495491,1000000000000000001011000,1111100110101110111011100000011
16777305,2094450255,1000000000000000001011001,1111100110101101100011001001111
16777306,2094420363,1000000000000000001011010,1111100110101100101000110001011
16777307,2093555927,1000000000000000001011011,1111100110010010010000011010111
16777308,2093527059,1000000000000000001011100,1111100110010001011000000010011
16777309,2093482847,1000000000000000001011101,1111100110010000000001101011111
16777310,2093716123,1000000000000000001011110,1111100110010111001001010011011
16777311,2093706663,1000000000000000001011111,1111100110010110110110110100111
16777312,2093677795,1000000000000000001100000,1111100110010101111110011100011
16777313,2093632559,1000000000000000001100001,1111100110010100100110000101111
16777314,2093866859,1000000000000000001100010,1111100110011011101111101101011
16777315,2093788855,1000000000000000001100011,1111100110011001010111010110111
16777316,2093758963,1000000000000000001100100,1111100110011000011100111110011
16777317,2093975871,1000000000000000001100101,1111100110011111000100100111111
16777318,2093947003,1000000000000000001100110,1111100110011110001100001111011
16777319,2093935495,1000000000000000001100111,1111100110011101110101110000111
16777320,2093906627,1000000000000000001101000,1111100110011100111101011000011
16777321,2093074959,1000000000000000001101001,1111100110000011100101000001111
16777322,2093000011,1000000000000000001101010,1111100110000001010010101001011
16777323,2092971159,1000000000000000001101011,1111100110000000011010010010111
16777324,2093189075,1000000000000000001101100,1111100110000111000011111010011
16777325,2093160223,1000000000000000001101101,1111100110000110001011100011111
16777326,2093147739,1000000000000000001101110,1111100110000101110011001011011
16777327,2093117799,1000000000000000001101111,1111100110000100111000101100111
16777328,2093334691,1000000000000000001110000,1111100110001011100000010100011
16777329,2093306863,1000000000000000001110001,1111100110001010101001111101111
16777330,2093228843,1000000000000000001110010,1111100110001000010001100101011
16777331,2093462135,1000000000000000001110011,1111100110001111011001001110111
16777332,2093419955,1000000000000000001110100,1111100110001110000110110110011
16777333,2093391103,1000000000000000001110101,1111100110001101001110011111111
16777334,2093378619,1000000000000000001110110,1111100110001100110110000111011
16777335,2096758599,1000000000000000001110111,1111100111110011111111101000111
16777336,2096713347,1000000000000000001111000,1111100111110010100111010000011
16777337,2096683471,1000000000000000001111001,1111100111110001101100111001111
16777338,2096867595,1000000000000000001111010,1111100111110111010100100001011
16777339,2096838743,1000000000000000001111011,1111100111110110011100001010111
16777340,2096794515,1000000000000000001111100,1111100111110101000101110010011
16777341,2096765663,1000000000000000001111101,1111100111110100001101011011111
16777342,2097015323,1000000000000000001111110,1111100111111011110101000011011
16777343,2096973095,1000000000000000001111111,1111100111111010100010100100111
16777344,2096944227,1000000000000000010000000,1111100111111001101010001100011
16777345,2097129391,1000000000000000010000001,1111100111111111010011110101111
16777346,2097100523,1000000000000000010000010,1111100111111110011011011101011
16777347,2097055287,1000000000000000010000011,1111100111111101000011000110111
16777348,2097025395,1000000000000000010000100,1111100111111100001000101110011
16777349,2096226495,1000000000000000010000101,1111100111100011110000010111111
16777350,2096198651,1000000000000000010000110,
16777351,2096153351,1000000000000000010000111,1111100111100001100001100000111
16777352,2096124483,1000000000000000010001000,1111100111100000101001001000011
16777353,2096311695,1000000000000000010001001,1111100111100110010110110001111
16777354,2096282827,1000000000000000010001010,1111100111100101011110011001011
16777355,2096237591,1000000000000000010001011,1111100111100100000110000010111
16777356,2096471891,1000000000000000010001100,1111100111101011001111101010011
16777357,2096459423,1000000000000000010001101,1111100111101010110111010011111
16777358,2096429531,1000000000000000010001110,1111100111101001111100111011011
16777359,2096384231,1000000000000000010001111,1111100111101000100100011100111
16777360,2096617507,1000000000000000010010000,
16777361,2096540527,1000000000000000010010001,1111100111101101010101101101111
16777362,2096511659,1000000000000000010010010,1111100111101100011101010101011
16777363,2095683063,1000000000000000010010011,1111100111010011001010111110111
16777364,2095670579,1000000000000000010010100,1111100111010010110010100110011
16777365,2095641727,1000000000000000010010101,1111100111010001111010001111111
16777366,2095597499,1000000000000000010010110,1111100111010000100011110111011
16777367,2095830727,1000000000000000010010111,1111100111010111101011011000111
16777368,2095752707,1000000000000000010011000,1111100111010101010011000000011
16777369,2095722831,1000000000000000010011001,1111100111010100011000101001111
16777370,2095939723,1000000000000000010011010,1111100111011011000000010001011
16777371,2095911895,1000000000000000010011011,1111100111011010001001111010111
16777372,2095899411,1000000000000000010011100,1111100111011001110001100010011
16777373,2095870559,1000000000000000010011101,1111100111011000111001001011111
16777374,2096090523,1000000000000000010011110,1111100111011111100110110011011
16777375,2096061607,1000000000000000010011111,1111100111011110101110010100111
16777376,2095984611,1000000000000000010100000,1111100111011100010111111100011
16777377,2095169327,1000000000000000010100001,1111100111000011011111100101111
16777378,2095124075,1000000000000000010100010,1111100111000010000111001101011
16777379,2095094199,1000000000000000010100011,1111100111000001001100110110111
16777380,2095081715,1000000000000000010100100,1111100111000000110100011110011
16777381,2095315007,1000000000000000010100101,1111100111000111111100000111111
16777382,2095270779,1000000000000000010100110,1111100111000110100101101111011
16777383,2095241863,1000000000000000010100111,1111100111000101101101010000111
16777384,2095429059,1000000000000000010101000,1111100111001011011010111000011
16777385,2095383823,1000000000000000010101001,1111100111001010000010100001111
16777386,2095354955,1000000000000000010101010,1111100111001001001010001001011
16777387,2095343511,1000000000000000010101011,1111100111001000110011110010111
16777388,2095576787,1000000000000000010101100,1111100111001111111011011010011
16777389,2095531551,1000000000000000010101101,1111100111001110100011000011111
16777390,2095501659,1000000000000000010101110,1111100111001101101000101011011
16777391,2090442855,1000000000000000010101111,1111100100110011010000001100111
16777392,2090415011,1000000000000000010110000,1111100100110010011001110100011
16777393,2090369775,1000000000000000010110001,1111100100110001000001011101111
16777394,2090340907,1000000000000000010110010,1111100100110000001001000101011
16777395,2090593655,1000000000000000010110011,1111100100110111110110101110111
16777396,2090564787,1000000000000000010110100,1111100100110110111110010110011
16777397,2090520575,1000000000000000010110101,1111100100110101100111111111111
16777398,2090491707,1000000000000000010110110,1111100100110100101111100111011
16777399,2090675783,1000000000000000010110111,1111100100111010010111001000111
16777400,2090645891,1000000000000000010111000,1111100100111001011100110000011
16777401,2090600655,1000000000000000010111001,
16777402,2090833931,1000000000000000010111010,
16777403,2090822487,1000000000000000010111011,1111100100111110110101101010111
16777404,2090793619,1000000000000000010111100,1111100100111101111101010010011
16777405,2090751455,1000000000000000010111101,1111100100111100101010111011111
16777406,2089887003,1000000000000000010111110,1111100100100010010010100011011
16777407,2089858087,1000000000000000010111111,1111100100100001011010000100111
16777408,2089813859,1000000000000000011000000,1111100100100000000011101100011
16777409,2090047151,1000000000000000011000001,1111100100100111001011010101111
16777410,2090033643,1000000000000000011000010,1111100100100110110000111101011
16777411,2090004791,1000000000000000011000011,1111100100100101111000100110111
16777412,2089959539,1000000000000000011000100,
16777413,2090193855,1000000000000000011000101,
16777414,2090115835,1000000000000000011000110,1111100100101001010001011111011
16777415,2090086919,1000000000000000011000111,
16777416,2090306883,1000000000000000011001000,
16777417,2090278031,1000000000000000011001001,1111100100101110001110010001111
16777418,2090266571,1000000000000000011001010,
16777419,2090237719,1000000000000000011001011,1111100100101100111111100010111
16777420,2089406035,1000000000000000011001100,1111100100010011100111001010011
16777421,2089376159,1000000000000000011001101,1111100100010010101100110011111
16777422,2089298139,1000000000000000011001110,1111100100010000010100011011011
16777423,2089532391,1000000000000000011001111,
16777424,2089487139,1000000000000000011010000,1111100100010110000101100100011
16777425,2089458287,1000000000000000011010001,1111100100010101001101001101111
16777426,2089448875,1000000000000000011010010,1111100100010100111010110101011
16777427,2089665783,1000000000000000011010011,
16777428,2089636915,1000000000000000011010100,1111100100011010101010000110011
16777429,2089559935,1000000000000000011010101,1111100100011000010011101111111
16777430,2089793211,1000000000000000011010110,1111100100011111011011010111011
16777431,2089746887,1000000000000000011010111,1111100100011110000000111000111
16777432,2089718019,1000000000000000011011000,1111100100011101001000100000011
16777433,2089705551,1000000000000000011011001,1111100100011100110000001001111
16777434,2088891275,1000000000000000011011010,1111100100000011111001110001011
16777435,2088846039,1000000000000000011011011,1111100100000010100001011010111
16777436,2088817171,1000000000000000011011100,1111100100000001101001000010011
16777437,2089004383,1000000000000000011011101,1111100100000111010110101011111
16777438,2088975515,1000000000000000011011110,1111100100000110011110010011011
16777439,2088931239,1000000000000000011011111,1111100100000101000111110100111
16777440,2088902371,1000000000000000011100000,1111100100000100001111011100011
16777441,2089152047,1000000000000000011100001,1111100100001011110111000101111
16777442,2089122155,1000000000000000011100010,1111100100001010111100101101011
16777443,2089076919,1000000000000000011100011,1111100100001001100100010110111
16777444,2089049075,1000000000000000011100100,1111100100001000101101111110011
16777445,2089233215,1000000000000000011100101,1111100100001110010101100111111
16777446,2089204347,1000000000000000011100110,1111100100001101011101001111011
16777447,2089162119,1000000000000000011100111,1111100100001100001010110000111
16777448,2092557507,1000000000000000011101000,1111100101110011110010011000011
16777449,2092528655,1000000000000000011101001,1111100101110010111010000001111
16777450,2092484427,1000000000000000011101010,1111100101110001100011101001011
16777451,2092455575,1000000000000000011101011,1111100101110000101011010010111
16777452,2092638675,1000000000000000011101100,1111100101110110010000111010011
16777453,2092609823,1000000000000000011101101,1111100101110101011000100011111
16777454,2092564571,1000000000000000011101110,1111100101110100000000001011011
16777455,2092798823,1000000000000000011101111,1111100101111011001001101100111
16777456,2092786339,1000000000000000011110000,1111100101111010110001010100011
16777457,2092760559,1000000000000000011110001,1111100101111001111110111101111
16777458,2092715307,1000000000000000011110010,1111100101111000100110100101011
16777459,2092948599,1000000000000000011110011,1111100101111111101110001110111
16777460,2092871603,1000000000000000011110100,1111100101111101010111110110011
16777461,2092842751,1000000000000000011110101,1111100101111100011111011111111
16777462,2092011067,1000000000000000011110110,1111100101100011000111000111011
16777463,2091981127,1000000000000000011110111,1111100101100010001100101000111
16777464,2091968643,1000000000000000011111000,1111100101100001110100010000011
16777465,2091940815,1000000000000000011111001,1111100101100000111101111001111
16777466,2092157707,1000000000000000011111010,1111100101100111100101100001011
16777467,2092128855,1000000000000000011111011,1111100101100110101101001010111
16777468,2092053907,1000000000000000011111100,1111100101100100011010110010011
16777469,2092270815,1000000000000000011111101,1111100101101011000010011011111
16777470,2092241947,1000000000000000011111110,1111100101101010001010000011011
16777471,2092230439,1000000000000000011111111,1111100101101001110011100100111
